11000011010110010111001110010111
10000110001011011000111101110101
11001111011100010110011101110011
11101110100001000000110100000100
10111111000101001010000101111000
11101101000010001110110101010011
10100010110100000011001001100000
11000101110111001001010100001011
11101100101010100100101110001010
11101001010000111111010001011000
10111001011011100001001101101100
10101000101001101101000001110100
01111100100111000101011011101111
01011110100000001100100010011000
01101001110010001101100011110011
00001001011100100010110010110001
00001101100000010010010011111100
11010001111010101001100101101010
11011111111001011101011001001100
01101010001101011101000011100010
00101010100111011001111010110101
10010110010011110110000111100101
10111111010010000011000111010110
10001011110001111110000101010001
10101011111100110011101100000001
10000101011100110010101010111001
10110100001011001110101000100100
10011001110110101010001010011101
10000110001011011000111101110101
00000111111101110000101010011100
01011100000010000010101000001001
01000110110011010001101110110001
00000110101010100111111101101000
10000010010010110100010110100101
10110010111100010101011010000011
11101110000100101101101001110010
00100001010110100000100111011001
11101100100001001111000010101111
01100110011100111101111100010110
10100001111100010011011011001101
01001110100101000011000000001101
11010011010101110011011100100000
11010011011000011111001110000011
00110110011100110000111001010111
10010000011010111011001110000001
11101111011000000000101001001100
11111110011011001101000101110111
00000100101010101001101110001110
11001011001100011110010110101010
00010111011000001001000000100111
00000111110100101110011010000111
11101011111001100110000110010100
01010110101110010011101010011110
00010100101100001000000110000001
01110001101000111010111100000110
01011011001001111100111101010111
11001011111000111001011110110110
11010110010100100001100010000011
10001110001001101000100101001111
11000001110110010011110000111111
00100001011001011011001110011110
11100100000101011011011110011110
00001011001111011111110100111100
01111110101000010000101011001000
10110101001110100111110101100010
01100010010101011010101111100100
01111100101111010000000010111011
01011101111001101010101010111111
01011101111001101010101010111111